320
      0.45517028       0.88692767       0.07860866
     -0.45517028      -0.88692767      -0.07860866
      0.15308251       0.98508194       0.07860866
     -0.15308251      -0.98508194      -0.07860866
      0.29394954       0.90468365       0.30844962
     -0.29394954      -0.90468365      -0.30844962
      0.30516934       0.93921465       0.15731344
     -0.30516934      -0.93921465      -0.15731344
     -0.70286299       0.70696838       0.07860866
      0.70286299      -0.70696838      -0.07860866
     -0.88956350       0.44999718       0.07860866
      0.88956350      -0.44999718      -0.07860866
     -0.76956988       0.55912524       0.30844962
      0.76956988      -0.55912524      -0.30844962
     -0.79894370       0.58046658       0.15731344
      0.79894370      -0.58046658      -0.15731344
     -0.88956350      -0.44999718       0.07860866
      0.88956350       0.44999718      -0.07860866
     -0.70286299      -0.70696838       0.07860866
      0.70286299       0.70696838      -0.07860866
     -0.76956988      -0.55912524       0.30844962
      0.76956988       0.55912524      -0.30844962
     -0.79894370      -0.58046658       0.15731344
      0.79894370       0.58046658      -0.15731344
      0.15308251      -0.98508194       0.07860866
     -0.15308251       0.98508194      -0.07860866
      0.45517028      -0.88692767       0.07860866
     -0.45517028       0.88692767      -0.07860866
      0.29394954      -0.90468365       0.30844962
     -0.29394954       0.90468365      -0.30844962
      0.30516934      -0.93921465       0.15731344
     -0.30516934       0.93921465      -0.15731344
      0.98417369      -0.15881694       0.07860866
     -0.98417369       0.15881694      -0.07860866
      0.98417369       0.15881694       0.07860866
     -0.98417369      -0.15881694      -0.07860866
      0.95124068       0.00000000       0.30844962
     -0.95124068      -0.00000000      -0.30844962
      0.98754872       0.00000000       0.15731344
     -0.98754872      -0.00000000      -0.15731344
      0.57752065       0.79803493       0.17207602
     -0.57752065      -0.79803493      -0.17207602
      0.41491541       0.81679680       0.40085932
     -0.41491541      -0.81679680      -0.40085932
      0.62912340       0.63921799       0.44227154
     -0.62912340      -0.63921799      -0.44227154
      0.54863475       0.76232667       0.34330446
     -0.54863475      -0.76232667      -0.34330446
      0.93744001       0.30264842       0.17207602
     -0.93744001      -0.30264842      -0.17207602
      0.80234226       0.40080269       0.44227154
     -0.80234226      -0.40080269      -0.44227154
      0.90503583       0.14220391       0.40085932
     -0.90503583      -0.14220391      -0.40085932
      0.89455321       0.28621076       0.34330446
     -0.89455321      -0.28621076      -0.34330446
      0.88896833       0.44827795       0.09371333
     -0.88896833      -0.44827795      -0.09371333
      0.70104399       0.70693362       0.09371333
     -0.70104399      -0.70693362      -0.09371333
      0.75298500       0.54707562       0.36567999
     -0.75298500      -0.54707562      -0.36567999
      0.79465447       0.57735027       0.18759247
     -0.79465447      -0.57735027      -0.18759247
     -0.58051262       0.79586113       0.17207602
      0.58051262      -0.79586113      -0.17207602
     -0.64860401       0.64701209       0.40085932
      0.64860401      -0.64701209      -0.40085932
     -0.41352261       0.79586113       0.44227154
      0.41352261      -0.79586113      -0.44227154
     -0.55547829       0.75735455       0.34330446
      0.55547829      -0.75735455      -0.34330446
      0.00184914       0.98508194       0.17207602
     -0.00184914      -0.98508194      -0.17207602
     -0.13324861       0.88692767       0.44227154
      0.13324861      -0.88692767      -0.44227154
      0.14442750       0.90468365       0.40085932
     -0.14442750      -0.90468365      -0.40085932
      0.00422954       0.93921465       0.34330446
     -0.00422954      -0.93921465      -0.34330446
     -0.15163135       0.98398463       0.09371333
      0.15163135      -0.98398463      -0.09371333
     -0.45569932       0.88518695       0.09371333
      0.45569932      -0.88518695      -0.09371333
     -0.28761468       0.88518695       0.36567999
      0.28761468      -0.88518695      -0.36567999
     -0.30353100       0.93417236       0.18759247
      0.30353100      -0.93417236      -0.18759247
     -0.93629718      -0.30616570       0.17207602
      0.93629718       0.30616570      -0.17207602
     -0.81577473      -0.41692134       0.40085932
      0.81577473       0.41692134      -0.40085932
     -0.88469443      -0.14734876       0.44227154
      0.88469443       0.14734876      -0.44227154
     -0.89193921      -0.29425582       0.34330446
      0.89193921       0.29425582      -0.34330446
     -0.93629718       0.30616570       0.17207602
      0.93629718      -0.30616570      -0.17207602
     -0.88469443       0.14734876       0.44227154
      0.88469443      -0.14734876      -0.44227154
     -0.81577473       0.41692134       0.40085932
      0.81577473      -0.41692134      -0.40085932
     -0.89193921       0.29425582       0.34330446
      0.89193921      -0.29425582      -0.34330446
     -0.98268165       0.15985799       0.09371333
      0.98268165      -0.15985799      -0.09371333
     -0.98268165      -0.15985799       0.09371333
      0.98268165       0.15985799      -0.09371333
     -0.93074064      -0.00000000       0.36567999
      0.93074064       0.00000000      -0.36567999
     -0.98224695      -0.00000000       0.18759247
      0.98224695       0.00000000      -0.18759247
      0.00184914      -0.98508194       0.17207602
     -0.00184914       0.98508194      -0.17207602
      0.14442750      -0.90468365       0.40085932
     -0.14442750       0.90468365      -0.40085932
     -0.13324861      -0.88692767       0.44227154
      0.13324861       0.88692767      -0.44227154
      0.00422954      -0.93921465       0.34330446
     -0.00422954       0.93921465      -0.34330446
     -0.58051262      -0.79586113       0.17207602
      0.58051262       0.79586113      -0.17207602
     -0.41352261      -0.79586113       0.44227154
      0.41352261       0.79586113      -0.44227154
     -0.64860401      -0.64701209       0.40085932
      0.64860401       0.64701209      -0.40085932
     -0.55547829      -0.75735455       0.34330446
      0.55547829       0.75735455      -0.34330446
     -0.45569932      -0.88518695       0.09371333
      0.45569932       0.88518695      -0.09371333
     -0.15163135      -0.98398463       0.09371333
      0.15163135       0.98398463      -0.09371333
     -0.28761468      -0.88518695       0.36567999
      0.28761468       0.88518695      -0.36567999
     -0.30353100      -0.93417236       0.18759247
      0.30353100       0.93417236      -0.18759247
      0.93744001      -0.30264842       0.17207602
     -0.93744001       0.30264842      -0.17207602
      0.90503583      -0.14220391       0.40085932
     -0.90503583       0.14220391      -0.40085932
      0.80234226      -0.40080269       0.44227154
     -0.80234226       0.40080269      -0.44227154
      0.89455321      -0.28621076       0.34330446
     -0.89455321       0.28621076      -0.34330446
      0.57752065      -0.79803493       0.17207602
     -0.57752065       0.79803493      -0.17207602
      0.62912340      -0.63921799       0.44227154
     -0.62912340       0.63921799      -0.44227154
      0.41491541      -0.81679680       0.40085932
     -0.41491541       0.81679680      -0.40085932
      0.54863475      -0.76232667       0.34330446
     -0.54863475       0.76232667      -0.34330446
      0.70104399      -0.70693362       0.09371333
     -0.70104399       0.70693362      -0.09371333
      0.88896833      -0.44827795       0.09371333
     -0.88896833       0.44827795      -0.09371333
      0.75298500      -0.54707562       0.36567999
     -0.75298500       0.54707562      -0.36567999
      0.79465447      -0.57735027       0.18759247
     -0.79465447       0.57735027      -0.18759247
      0.83027481       0.08788685       0.55038136
     -0.83027481      -0.08788685      -0.55038136
      0.72672557       0.34586395       0.59350491
     -0.72672557      -0.34586395      -0.59350491
      0.64323056       0.08889275       0.76049492
     -0.64323056      -0.08889275      -0.76049492
      0.74408331       0.17688798       0.64424426
     -0.74408331      -0.17688798      -0.64424426
      0.55350671       0.58427925       0.59350491
     -0.55350671      -0.58427925      -0.59350491
      0.34015439       0.76247974       0.55038136
     -0.34015439      -0.76247974      -0.55038136
      0.28331120       0.58427925       0.76049492
     -0.28331120      -0.58427925      -0.76049492
      0.39816485       0.65300389       0.64424426
     -0.39816485      -0.65300389      -0.64424426
      0.39254588       0.08889275       0.91542657
     -0.39254588      -0.08889275      -0.91542657
      0.20584537       0.34586395       0.91542657
     -0.20584537      -0.34586395      -0.91542657
      0.12096587       0.08788685       0.98875839
     -0.12096587      -0.08788685      -0.98875839
      0.24346541       0.17688798       0.95364314
     -0.24346541      -0.17688798      -0.95364314
      0.51731133       0.17825334       0.83702732
     -0.51731133      -0.17825334      -0.83702732
      0.60135365       0.43690900       0.66894268
     -0.60135365      -0.43690900      -0.66894268
      0.32938699       0.43690900       0.83702732
     -0.32938699      -0.43690900      -0.83702732
      0.49112347       0.35682209       0.79465447
     -0.49112347      -0.35682209      -0.79465447
      0.17298367       0.81679680       0.55038136
     -0.17298367      -0.81679680      -0.55038136
     -0.10436561       0.79803493       0.59350491
      0.10436561      -0.79803493      -0.59350491
      0.11422715       0.63921799       0.76049492
     -0.11422715      -0.63921799      -0.76049492
      0.06170393       0.76232667       0.64424426
     -0.06170393      -0.76232667      -0.64424426
     -0.38463961       0.70696838       0.59350491
      0.38463961      -0.70696838      -0.59350491
     -0.62004784       0.55912524       0.55038136
      0.62004784      -0.55912524      -0.55038136
     -0.46813461       0.44999718       0.76049492
      0.46813461      -0.44999718      -0.76049492
     -0.49800390       0.58046658       0.64424426
      0.49800390      -0.58046658      -0.64424426
      0.03676132       0.40080269       0.91542657
     -0.03676132      -0.40080269      -0.91542657
     -0.26532644       0.30264842       0.91542657
      0.26532644      -0.30264842      -0.91542657
     -0.04620485       0.14220391       0.98875839
      0.04620485      -0.14220391      -0.98875839
     -0.09299551       0.28621076       0.95364314
      0.09299551      -0.28621076      -0.95364314
     -0.00967100       0.54707562       0.83702732
      0.00967100      -0.54707562      -0.83702732
     -0.22969666       0.70693362       0.66894268
      0.22969666      -0.70693362      -0.66894268
     -0.31373898       0.44827795       0.83702732
      0.31373898      -0.44827795      -0.83702732
     -0.18759247       0.57735027       0.79465447
      0.18759247      -0.57735027      -0.79465447
     -0.72336503       0.41692134       0.55038136
      0.72336503      -0.41692134      -0.55038136
     -0.79122706       0.14734876       0.59350491
      0.79122706      -0.14734876      -0.59350491
     -0.57263430       0.30616570       0.76049492
      0.57263430      -0.30616570      -0.76049492
     -0.70594819       0.29425582       0.64424426
      0.70594819      -0.29425582      -0.64424426
     -0.79122706      -0.14734876       0.59350491
      0.79122706       0.14734876      -0.59350491
     -0.72336503      -0.41692134       0.55038136
      0.72336503       0.41692134      -0.55038136
     -0.57263430      -0.30616570       0.76049492
      0.57263430       0.30616570      -0.76049492
     -0.70594819      -0.29425582       0.64424426
      0.70594819       0.29425582      -0.64424426
     -0.36982613       0.15881694       0.91542657
      0.36982613      -0.15881694      -0.91542657
     -0.36982613      -0.15881694       0.91542657
      0.36982613       0.15881694      -0.91542657
     -0.14952204      -0.00000000       0.98875839
      0.14952204       0.00000000      -0.98875839
     -0.30093980      -0.00000000       0.95364314
      0.30093980       0.00000000      -0.95364314
     -0.52328834       0.15985799       0.83702732
      0.52328834      -0.15985799      -0.83702732
     -0.74331399      -0.00000000       0.66894268
      0.74331399       0.00000000      -0.66894268
     -0.52328834      -0.15985799       0.83702732
      0.52328834       0.15985799      -0.83702732
     -0.60706200      -0.00000000       0.79465447
      0.60706200       0.00000000      -0.79465447
     -0.62004784      -0.55912524       0.55038136
      0.62004784       0.55912524      -0.55038136
     -0.38463961      -0.70696838       0.59350491
      0.38463961       0.70696838      -0.59350491
     -0.46813461      -0.44999718       0.76049492
      0.46813461       0.44999718      -0.76049492
     -0.49800390      -0.58046658       0.64424426
      0.49800390       0.58046658      -0.64424426
     -0.10436561      -0.79803493       0.59350491
      0.10436561       0.79803493      -0.59350491
      0.17298367      -0.81679680       0.55038136
     -0.17298367       0.81679680      -0.55038136
      0.11422715      -0.63921799       0.76049492
     -0.11422715       0.63921799      -0.76049492
      0.06170393      -0.76232667       0.64424426
     -0.06170393       0.76232667      -0.64424426
     -0.26532644      -0.30264842       0.91542657
      0.26532644       0.30264842      -0.91542657
      0.03676132      -0.40080269       0.91542657
     -0.03676132       0.40080269      -0.91542657
     -0.04620485      -0.14220391       0.98875839
      0.04620485       0.14220391      -0.98875839
     -0.09299551      -0.28621076       0.95364314
      0.09299551       0.28621076      -0.95364314
     -0.31373898      -0.44827795       0.83702732
      0.31373898       0.44827795      -0.83702732
     -0.22969666      -0.70693362       0.66894268
      0.22969666       0.70693362      -0.66894268
     -0.00967100      -0.54707562       0.83702732
      0.00967100       0.54707562      -0.83702732
     -0.18759247      -0.57735027       0.79465447
      0.18759247       0.57735027      -0.79465447
      0.34015439      -0.76247974       0.55038136
     -0.34015439       0.76247974      -0.55038136
      0.55350671      -0.58427925       0.59350491
     -0.55350671       0.58427925      -0.59350491
      0.28331120      -0.58427925       0.76049492
     -0.28331120       0.58427925      -0.76049492
      0.39816485      -0.65300389       0.64424426
     -0.39816485       0.65300389      -0.64424426
      0.72672557      -0.34586395       0.59350491
     -0.72672557       0.34586395      -0.59350491
      0.83027481      -0.08788685       0.55038136
     -0.83027481       0.08788685      -0.55038136
      0.64323056      -0.08889275       0.76049492
     -0.64323056       0.08889275      -0.76049492
      0.74408331      -0.17688798       0.64424426
     -0.74408331       0.17688798      -0.64424426
      0.20584537      -0.34586395       0.91542657
     -0.20584537       0.34586395      -0.91542657
      0.39254588      -0.08889275       0.91542657
     -0.39254588       0.08889275      -0.91542657
      0.12096587      -0.08788685       0.98875839
     -0.12096587       0.08788685      -0.98875839
      0.24346541      -0.17688798       0.95364314
     -0.24346541       0.17688798      -0.95364314
      0.32938699      -0.43690900       0.83702732
     -0.32938699       0.43690900      -0.83702732
      0.60135365      -0.43690900       0.66894268
     -0.60135365       0.43690900      -0.66894268
      0.51731133      -0.17825334       0.83702732
     -0.51731133       0.17825334      -0.83702732
      0.49112347      -0.35682209       0.79465447
     -0.49112347       0.35682209      -0.79465447
