80      
      0.30513990       0.93912404       0.15791034
     -0.30513990      -0.93912404      -0.15791034
     -0.79886663       0.58041058       0.15791034
      0.79886663      -0.58041058      -0.15791034
     -0.79886663      -0.58041058       0.15791034
      0.79886663       0.58041058      -0.15791034
      0.30513990      -0.93912404       0.15791034
     -0.30513990       0.93912404      -0.15791034
      0.98745345       0.00000000       0.15791034
     -0.98745345      -0.00000000      -0.15791034
      0.54813892       0.76257492       0.34354507
     -0.54813892      -0.76257492      -0.34354507
      0.89463609       0.28566248       0.34354507
     -0.89463609      -0.28566248      -0.34354507
      0.79465447       0.57735027       0.18759247
     -0.79465447      -0.57735027      -0.18759247
     -0.55586760       0.75695970       0.34354507
      0.55586760      -0.75695970      -0.34354507
      0.00477659       0.93912404       0.34354507
     -0.00477659      -0.93912404      -0.34354507
     -0.30353100       0.93417236       0.18759247
      0.30353100      -0.93417236      -0.18759247
     -0.89168399      -0.29474809       0.34354507
      0.89168399       0.29474809      -0.34354507
     -0.89168399       0.29474809       0.34354507
      0.89168399      -0.29474809      -0.34354507
     -0.98224695      -0.00000000       0.18759247
      0.98224695       0.00000000      -0.18759247
      0.00477659      -0.93912404       0.34354507
     -0.00477659       0.93912404      -0.34354507
     -0.55586760      -0.75695970       0.34354507
      0.55586760       0.75695970      -0.34354507
     -0.30353100      -0.93417236       0.18759247
      0.30353100       0.93417236      -0.18759247
      0.89463609      -0.28566248       0.34354507
     -0.89463609       0.28566248      -0.34354507
      0.54813892      -0.76257492       0.34354507
     -0.54813892       0.76257492      -0.34354507
      0.79465447      -0.57735027       0.18759247
     -0.79465447       0.57735027      -0.18759247
      0.74445443       0.17654912       0.64390838
     -0.74445443      -0.17654912      -0.64390838
      0.39795727       0.65346156       0.64390838
     -0.39795727      -0.65346156      -0.64390838
      0.24299902       0.17654912       0.95382487
     -0.24299902      -0.17654912      -0.95382487
      0.49112347       0.35682209       0.79465447
     -0.49112347      -0.35682209      -0.79465447
      0.06214088       0.76257492       0.64390838
     -0.06214088      -0.76257492      -0.64390838
     -0.49850332       0.58041058       0.64390838
      0.49850332      -0.58041058      -0.64390838
     -0.09281737       0.28566248       0.95382487
      0.09281737      -0.28566248      -0.95382487
     -0.18759247       0.57735027       0.79465447
      0.18759247      -0.57735027      -0.79465447
     -0.70604926       0.29474809       0.64390838
      0.70604926      -0.29474809      -0.64390838
     -0.70604926      -0.29474809       0.64390838
      0.70604926       0.29474809      -0.64390838
     -0.30036331      -0.00000000       0.95382487
      0.30036331       0.00000000      -0.95382487
     -0.60706200      -0.00000000       0.79465447
      0.60706200       0.00000000      -0.79465447
     -0.49850332      -0.58041058       0.64390838
      0.49850332       0.58041058      -0.64390838
      0.06214088      -0.76257492       0.64390838
     -0.06214088       0.76257492      -0.64390838
     -0.09281737      -0.28566248       0.95382487
      0.09281737       0.28566248      -0.95382487
     -0.18759247      -0.57735027       0.79465447
      0.18759247       0.57735027      -0.79465447
      0.39795727      -0.65346156       0.64390838
     -0.39795727       0.65346156      -0.64390838
      0.74445443      -0.17654912       0.64390838
     -0.74445443       0.17654912      -0.64390838
      0.24299902      -0.17654912       0.95382487
     -0.24299902       0.17654912      -0.95382487
      0.49112347      -0.35682209       0.79465447
     -0.49112347       0.35682209      -0.79465447
