1280
      0.52363714       0.85103643       0.03925746
     -0.52363714      -0.85103643      -0.03925746
      0.38338795       0.92275155       0.03928436
     -0.38338795      -0.92275155      -0.03928436
      0.45352973       0.87742761       0.15630605
     -0.45352973      -0.87742761      -0.15630605
      0.45515436       0.88694150       0.07854481
     -0.45515436      -0.88694150      -0.07854481
      0.23221238       0.97187147       0.03928436
     -0.23221238      -0.97187147      -0.03928436
      0.07659532       0.99628912       0.03925746
     -0.07659532      -0.99628912      -0.03925746
      0.14882575       0.97643193       0.15630605
     -0.14882575      -0.97643193      -0.15630605
      0.15310352       0.98508377       0.07854481
     -0.15310352      -0.98508377      -0.07854481
      0.37327509       0.88715441       0.27133513
     -0.37327509      -0.88715441      -0.27133513
      0.21947039       0.93712859       0.27133513
     -0.21947039      -0.93712859      -0.27133513
      0.28594098       0.88003583       0.37917633
     -0.28594098      -0.88003583      -0.37917633
      0.29395788       0.90470933       0.30836631
     -0.29395788      -0.90470933      -0.30836631
      0.37893069       0.90446014       0.19586572
     -0.37893069      -0.90446014      -0.19586572
      0.30806144       0.94811562       0.07858072
     -0.30806144      -0.94811562      -0.07858072
      0.22506697       0.95445350       0.19586572
     -0.22506697      -0.95445350      -0.19586572
      0.30516574       0.93920358       0.15738646
     -0.30516574      -0.93920358      -0.15738646
     -0.64757097       0.76099323       0.03925746
      0.64757097      -0.76099323      -0.03925746
     -0.75911548       0.64976952       0.03928436
      0.75911548      -0.64976952      -0.03928436
     -0.69433485       0.70247245       0.15630605
      0.69433485      -0.70247245      -0.15630605
     -0.70288106       0.70695752       0.07854481
      0.70288106      -0.70695752      -0.07854481
     -0.85254712       0.52117190       0.03928436
      0.85254712      -0.52117190      -0.03928436
     -0.92385800       0.38071675       0.03925746
      0.92385800      -0.38071675      -0.03925746
     -0.88265227       0.44327576       0.15630605
      0.88265227      -0.44327576      -0.15630605
     -0.88955875       0.45001772       0.07854481
      0.88955875      -0.45001772      -0.07854481
     -0.72838564       0.62915150       0.27133513
      0.72838564      -0.62915150      -0.27133513
     -0.82344217       0.49831740       0.27133513
      0.82344217      -0.49831740      -0.27133513
     -0.74860319       0.54389206       0.37917633
      0.74860319      -0.54389206      -0.37917633
     -0.76959173       0.55914112       0.30836631
      0.76959173      -0.55914112      -0.30836631
     -0.74309669       0.63987806       0.19586572
      0.74309669      -0.63987806      -0.19586572
     -0.80651532       0.58596768       0.07858072
      0.80651532      -0.58596768      -0.07858072
     -0.83818970       0.50899376       0.19586572
      0.83818970      -0.50899376      -0.19586572
     -0.79893429       0.58045974       0.15738646
      0.79893429      -0.58045974      -0.15738646
     -0.92385800      -0.38071675       0.03925746
      0.92385800       0.38071675      -0.03925746
     -0.85254712      -0.52117190       0.03928436
      0.85254712       0.52117190      -0.03928436
     -0.88265227      -0.44327576       0.15630605
      0.88265227       0.44327576      -0.15630605
     -0.88955875      -0.45001772       0.07854481
      0.88955875       0.45001772      -0.07854481
     -0.75911548      -0.64976952       0.03928436
      0.75911548       0.64976952      -0.03928436
     -0.64757097      -0.76099323       0.03925746
      0.64757097       0.76099323      -0.03925746
     -0.69433485      -0.70247245       0.15630605
      0.69433485       0.70247245      -0.15630605
     -0.70288106      -0.70695752       0.07854481
      0.70288106       0.70695752      -0.07854481
     -0.82344217      -0.49831740       0.27133513
      0.82344217       0.49831740      -0.27133513
     -0.72838564      -0.62915150       0.27133513
      0.72838564       0.62915150      -0.27133513
     -0.74860319      -0.54389206       0.37917633
      0.74860319       0.54389206      -0.37917633
     -0.76959173      -0.55914112       0.30836631
      0.76959173       0.55914112      -0.30836631
     -0.83818970      -0.50899376       0.19586572
      0.83818970       0.50899376      -0.19586572
     -0.80651532      -0.58596768       0.07858072
      0.80651532       0.58596768      -0.07858072
     -0.74309669      -0.63987806       0.19586572
      0.74309669       0.63987806      -0.19586572
     -0.79893429      -0.58045974       0.15738646
      0.79893429       0.58045974      -0.15738646
      0.07659532      -0.99628912       0.03925746
     -0.07659532       0.99628912      -0.03925746
      0.23221238      -0.97187147       0.03928436
     -0.23221238       0.97187147      -0.03928436
      0.14882575      -0.97643193       0.15630605
     -0.14882575       0.97643193      -0.15630605
      0.15310352      -0.98508377       0.07854481
     -0.15310352       0.98508377      -0.07854481
      0.38338795      -0.92275155       0.03928436
     -0.38338795       0.92275155      -0.03928436
      0.52363714      -0.85103643       0.03925746
     -0.52363714       0.85103643      -0.03925746
      0.45352973      -0.87742761       0.15630605
     -0.45352973       0.87742761      -0.15630605
      0.45515436      -0.88694150       0.07854481
     -0.45515436       0.88694150      -0.07854481
      0.21947039      -0.93712859       0.27133513
     -0.21947039       0.93712859      -0.27133513
      0.37327509      -0.88715441       0.27133513
     -0.37327509       0.88715441      -0.27133513
      0.28594098      -0.88003583       0.37917633
     -0.28594098       0.88003583      -0.37917633
      0.29395788      -0.90470933       0.30836631
     -0.29395788       0.90470933      -0.30836631
      0.22506697      -0.95445350       0.19586572
     -0.22506697       0.95445350      -0.19586572
      0.30806144      -0.94811562       0.07858072
     -0.30806144       0.94811562      -0.07858072
      0.37893069      -0.90446014       0.19586572
     -0.37893069       0.90446014      -0.19586572
      0.30516574      -0.93920358       0.15738646
     -0.30516574       0.93920358      -0.15738646
      0.97119651      -0.23502379       0.03925746
     -0.97119651       0.23502379      -0.03925746
      0.99606226      -0.07947770       0.03928436
     -0.99606226       0.07947770      -0.03928436
      0.97463164      -0.16019236       0.15630605
     -0.97463164       0.16019236      -0.15630605
      0.98418192      -0.15879753       0.07854481
     -0.98418192       0.15879753      -0.07854481
      0.99606226       0.07947770       0.03928436
     -0.99606226      -0.07947770      -0.03928436
      0.97119651       0.23502379       0.03925746
     -0.97119651      -0.23502379      -0.03925746
      0.97463164       0.16019236       0.15630605
     -0.97463164      -0.16019236      -0.15630605
      0.98418192       0.15879753       0.07854481
     -0.98418192      -0.15879753      -0.07854481
      0.95908233      -0.08085992       0.27133513
     -0.95908233       0.08085992      -0.27133513
      0.95908233       0.08085992       0.27133513
     -0.95908233      -0.08085992      -0.27133513
      0.92532443       0.00000000       0.37917633
     -0.92532443      -0.00000000      -0.37917633
      0.95126769       0.00000000       0.30836631
     -0.95126769      -0.00000000      -0.30836631
      0.97728874      -0.08089095       0.19586572
     -0.97728874       0.08089095      -0.19586572
      0.99690775       0.00000000       0.07858072
     -0.99690775      -0.00000000      -0.07858072
      0.97728874       0.08089095       0.19586572
     -0.97728874      -0.08089095      -0.19586572
      0.98753709       0.00000000       0.15738646
     -0.98753709      -0.00000000      -0.15738646
      0.58490953       0.80651943       0.08606541
     -0.58490953      -0.80651943      -0.08606541
      0.51467383       0.83300382       0.20301599
     -0.51467383      -0.83300382      -0.20301599
      0.62684051       0.74587291       0.22526557
     -0.62684051      -0.74587291      -0.22526557
      0.57757552       0.79799732       0.17206626
     -0.57757552      -0.79799732      -0.17206626
      0.43389555       0.84311107       0.31764504
     -0.43389555      -0.84311107      -0.31764504
      0.34635193       0.83614471       0.42532619
     -0.34635193      -0.83614471      -0.42532619
      0.46016853       0.76225115       0.45521215
     -0.46016853      -0.76225115      -0.45521215
      0.41499380       0.81677159       0.40082953
     -0.41499380      -0.81677159      -0.40082953
      0.65266438       0.66639521       0.36048111
     -0.65266438      -0.66639521      -0.36048111
      0.56672348       0.67281145       0.47555151
     -0.56672348      -0.67281145      -0.47555151
      0.66127339       0.57149564       0.48591176
     -0.66127339      -0.57149564      -0.48591176
      0.62917197       0.63919979       0.44222875
     -0.62917197      -0.63919979      -0.44222875
      0.61188451       0.72737523       0.31068089
     -0.61188451      -0.72737523      -0.31068089
      0.50071392       0.81597945       0.28889983
     -0.50071392      -0.81597945      -0.28889983
      0.52699698       0.73508850       0.42651973
     -0.52699698      -0.73508850      -0.42651973
      0.54857411       0.76235706       0.34333390
     -0.54857411      -0.76235706      -0.34333390
      0.94779254       0.30705381       0.08606541
     -0.94779254      -0.30705381      -0.08606541
      0.90307166       0.36567335       0.22526557
     -0.90307166      -0.36567335      -0.22526557
      0.95127667       0.23207156       0.20301599
     -0.95127667      -0.23207156      -0.20301599
      0.93742120       0.30271223       0.17206626
     -0.93742120      -0.30271223      -0.17206626
      0.83546389       0.41479327       0.36048111
     -0.83546389      -0.41479327      -0.36048111
      0.74786936       0.45230650       0.48591176
     -0.74786936      -0.45230650      -0.48591176
      0.81500890       0.33107589       0.47555151
     -0.81500890      -0.33107589      -0.47555151
      0.80233996       0.40085450       0.44222875
     -0.80233996      -0.40085450      -0.44222875
      0.93592738       0.15212354       0.31764504
     -0.93592738      -0.15212354      -0.31764504
      0.86714382       0.20209772       0.45521215
     -0.86714382      -0.20209772      -0.45521215
      0.90224950       0.07101734       0.42532619
     -0.90224950      -0.07101734      -0.42532619
      0.90503608       0.14228626       0.40082953
     -0.90503608      -0.14228626      -0.40082953
      0.93077168       0.22405572       0.28889983
     -0.93077168      -0.22405572      -0.28889983
      0.88085767       0.35716544       0.31068089
     -0.88085767      -0.35716544      -0.31068089
      0.86196173       0.27404907       0.42651973
     -0.86196173      -0.27404907      -0.42651973
      0.89456337       0.28614369       0.34333390
     -0.89456337      -0.28614369      -0.34333390
      0.92385514       0.37986552       0.04683872
     -0.92385514      -0.37986552      -0.04683872
      0.85251534       0.52059524       0.04688492
     -0.85251534      -0.52059524      -0.04688492
      0.87913127       0.43867983       0.18624775
     -0.87913127      -0.43867983      -0.18624775
      0.88895557       0.44830003       0.09372874
     -0.88895557      -0.44830003      -0.09372874
      0.75855723       0.64991749       0.04688492
     -0.75855723      -0.64991749      -0.04688492
      0.64676052       0.76125355       0.04683872
     -0.64676052      -0.76125355      -0.04683872
      0.68887581       0.70054400       0.18624775
     -0.68887581      -0.70054400      -0.18624775
      0.70106104       0.70691466       0.09372874
     -0.70106104      -0.70691466      -0.09372874
      0.81114254       0.48807653       0.32222520
     -0.81114254      -0.48807653      -0.32222520
      0.71484519       0.62061846       0.32222520
     -0.71484519      -0.62061846      -0.32222520
      0.72334759       0.52554278       0.44785383
     -0.72334759      -0.52554278      -0.44785383
      0.75299381       0.54708203       0.36565226
     -0.75299381      -0.54708203      -0.36565226
      0.83208145       0.50323357       0.23323043
     -0.83208145      -0.50323357      -0.23323043
      0.80545081       0.58519426       0.09379057
     -0.80545081      -0.58519426      -0.09379057
      0.73573088       0.63584876       0.23323043
     -0.73573088      -0.63584876      -0.23323043
      0.79465447       0.57735027       0.18759247
     -0.79465447      -0.57735027      -0.18759247
     -0.58629857       0.80551023       0.08606541
      0.58629857      -0.80551023      -0.08606541
     -0.63319075       0.74689623       0.20301599
      0.63319075      -0.74689623      -0.20301599
     -0.51566292       0.82664816       0.22526557
      0.51566292      -0.82664816      -0.22526557
     -0.58045990       0.79590170       0.17206626
      0.58045990      -0.79590170      -0.17206626
     -0.66776518       0.67319484       0.31764504
      0.66776518      -0.67319484      -0.31764504
     -0.68819224       0.58778318       0.42532619
      0.68819224      -0.58778318      -0.42532619
     -0.58274403       0.67319484       0.45521215
      0.58274403      -0.67319484      -0.45521215
     -0.64855581       0.64707886       0.40082953
      0.64855581      -0.64707886      -0.40082953
     -0.43209512       0.82664816       0.36048111
      0.43209512      -0.82664816      -0.36048111
     -0.46475453       0.74689623       0.47555151
      0.46475453      -0.74689623      -0.47555151
     -0.33917993       0.80551023       0.48591176
      0.33917993      -0.80551023      -0.48591176
     -0.41349030       0.79590170       0.44222875
      0.41349030      -0.79590170      -0.44222875
     -0.50269224       0.80670806       0.31068089
      0.50269224      -0.80670806      -0.31068089
     -0.62131346       0.72835875       0.28889983
      0.62131346      -0.72835875      -0.28889983
     -0.53625969       0.72835875       0.42651973
      0.53625969      -0.72835875      -0.42651973
     -0.55552593       0.75730626       0.34333390
      0.55552593      -0.75730626      -0.34333390
      0.00085847       0.99628912       0.08606541
     -0.00085847      -0.99628912      -0.08606541
     -0.06871153       0.97187147       0.22526557
      0.06871153      -0.97187147      -0.22526557
      0.07324748       0.97643193       0.20301599
     -0.07324748      -0.97643193      -0.20301599
      0.00178264       0.98508377       0.17206626
     -0.00178264      -0.98508377      -0.17206626
     -0.13631930       0.92275155       0.36048111
      0.13631930      -0.92275155      -0.36048111
     -0.19906470       0.85103643       0.48591176
      0.19906470      -0.85103643      -0.48591176
     -0.06302028       0.87742761       0.47555151
      0.06302028      -0.87742761      -0.47555151
     -0.13329860       0.88694150       0.44222875
      0.13329860      -0.88694150      -0.44222875
      0.14453938       0.93712859       0.31764504
     -0.14453938      -0.93712859      -0.31764504
      0.07575583       0.88715441       0.45521215
     -0.07575583      -0.88715441      -0.45521215
      0.21126893       0.88003583       0.42532619
     -0.21126893      -0.88003583      -0.42532619
      0.14434926       0.90470933       0.40082953
     -0.14434926      -0.90470933      -0.40082953
      0.07453462       0.95445350       0.28889983
     -0.07453462      -0.95445350      -0.28889983
     -0.06748453       0.94811562       0.31068089
      0.06748453      -0.94811562      -0.31068089
      0.00572467       0.90446014       0.42651973
     -0.00572467      -0.90446014      -0.42651973
      0.00429646       0.93920358       0.34333390
     -0.00429646      -0.93920358      -0.34333390
     -0.07578664       0.99602335       0.04683872
      0.07578664      -0.99602335      -0.04683872
     -0.23167377       0.97166304       0.04688492
      0.23167377      -0.97166304      -0.04688492
     -0.14554280       0.97166304       0.18624775
      0.14554280      -0.97166304      -0.18624775
     -0.15165628       0.98397932       0.09372874
      0.15165628      -0.98397932      -0.09372874
     -0.38370119       0.92226634       0.04688492
      0.38370119      -0.92226634      -0.04688492
     -0.52413516       0.85034609       0.04683872
      0.52413516      -0.85034609      -0.04683872
     -0.45338260       0.87163983       0.18624775
      0.45338260      -0.87163983      -0.18624775
     -0.45567602       0.88519732       0.09372874
      0.45567602      -0.88519732      -0.09372874
     -0.21353153       0.92226634       0.32222520
      0.21353153      -0.92226634      -0.32222520
     -0.36934392       0.87163983       0.32222520
      0.36934392      -0.87163983      -0.32222520
     -0.27629419       0.85034609       0.44785383
      0.27629419      -0.85034609      -0.44785383
     -0.28761804       0.88519732       0.36565226
      0.28761804      -0.88519732      -0.36565226
     -0.22147626       0.94686421       0.23323043
      0.22147626      -0.94686421      -0.23323043
     -0.30765483       0.94686421       0.09379057
      0.30765483      -0.94686421      -0.09379057
     -0.37737476       0.89620972       0.23323043
      0.37737476      -0.89620972      -0.23323043
     -0.30353100       0.93417236       0.18759247
      0.30353100      -0.93417236      -0.18759247
     -0.94726198      -0.30868673       0.08606541
      0.94726198       0.30868673      -0.08606541
     -0.90600723      -0.37139656       0.20301599
      0.90600723       0.37139656      -0.20301599
     -0.94553772      -0.23497625       0.22526557
      0.94553772       0.23497625      -0.22526557
     -0.93631947      -0.30610302       0.17206626
      0.93631947       0.30610302      -0.17206626
     -0.84659713      -0.42705378       0.31764504
      0.84659713       0.42705378      -0.31764504
     -0.77167812      -0.47287472       0.42532619
      0.77167812       0.47287472      -0.42532619
     -0.82032415      -0.34619386       0.45521215
      0.82032415       0.34619386      -0.45521215
     -0.81582333      -0.41685486       0.40082953
      0.81582333       0.41685486      -0.40082953
     -0.91971385      -0.15549855       0.36048111
      0.91971385       0.15549855      -0.36048111
     -0.85395758      -0.21120419       0.47555151
      0.85395758       0.21120419      -0.47555151
     -0.87089812      -0.07366293       0.48591176
      0.87089812       0.07366293      -0.48591176
     -0.88472302      -0.14730549       0.44222875
      0.88472302       0.14730549      -0.44222875
     -0.92256540      -0.22880223       0.31068089
      0.92256540       0.22880223      -0.31068089
     -0.88470675      -0.36582899       0.28889983
      0.88470675       0.36582899      -0.28889983
     -0.85842369      -0.28493804       0.42651973
      0.85842369       0.28493804      -0.42651973
     -0.89190801      -0.29431605       0.34333390
      0.89190801       0.29431605      -0.34333390
     -0.94726198       0.30868673       0.08606541
      0.94726198      -0.30868673      -0.08606541
     -0.94553772       0.23497625       0.22526557
      0.94553772      -0.23497625      -0.22526557
     -0.90600723       0.37139656       0.20301599
      0.90600723      -0.37139656      -0.20301599
     -0.93631947       0.30610302       0.17206626
      0.93631947      -0.30610302      -0.17206626
     -0.91971385       0.15549855       0.36048111
      0.91971385      -0.15549855      -0.36048111
     -0.87089812       0.07366293       0.48591176
      0.87089812      -0.07366293      -0.48591176
     -0.85395758       0.21120419       0.47555151
      0.85395758      -0.21120419      -0.47555151
     -0.88472302       0.14730549       0.44222875
      0.88472302      -0.14730549      -0.44222875
     -0.84659713       0.42705378       0.31764504
      0.84659713      -0.42705378      -0.31764504
     -0.82032415       0.34619386       0.45521215
      0.82032415      -0.34619386      -0.45521215
     -0.77167812       0.47287472       0.42532619
      0.77167812      -0.47287472      -0.42532619
     -0.81582333       0.41685486       0.40082953
      0.81582333      -0.41685486      -0.40082953
     -0.88470675       0.36582899       0.28889983
      0.88470675      -0.36582899      -0.28889983
     -0.92256540       0.22880223       0.31068089
      0.92256540      -0.22880223      -0.31068089
     -0.85842369       0.28493804       0.42651973
      0.85842369      -0.28493804      -0.42651973
     -0.89190801       0.29431605       0.34333390
      0.89190801      -0.29431605      -0.34333390
     -0.97069386       0.23571077       0.04683872
      0.97069386      -0.23571077      -0.04683872
     -0.99569760       0.07992554       0.04688492
      0.99569760      -0.07992554      -0.04688492
     -0.96908167       0.16184096       0.18624775
      0.96908167      -0.16184096      -0.18624775
     -0.98268431       0.15983263       0.09372874
      0.98268431      -0.15983263      -0.09372874
     -0.99569760      -0.07992554       0.04688492
      0.99569760       0.07992554      -0.04688492
     -0.97069386      -0.23571077       0.04683872
      0.97069386       0.23571077      -0.04683872
     -0.96908167      -0.16184096       0.18624775
      0.96908167       0.16184096      -0.18624775
     -0.98268431      -0.15983263       0.09372874
      0.98268431       0.15983263      -0.09372874
     -0.94311229       0.08191542       0.32222520
      0.94311229      -0.08191542      -0.32222520
     -0.94311229      -0.08191542       0.32222520
      0.94311229       0.08191542      -0.32222520
     -0.89410679      -0.00000000       0.44785383
      0.89410679       0.00000000      -0.44785383
     -0.93075154      -0.00000000       0.36565226
      0.93075154       0.00000000      -0.36565226
     -0.96896131       0.08196069       0.23323043
      0.96896131      -0.08196069      -0.23323043
     -0.99559195      -0.00000000       0.09379057
      0.99559195       0.00000000      -0.09379057
     -0.96896131      -0.08196069       0.23323043
      0.96896131       0.08196069      -0.23323043
     -0.98224695      -0.00000000       0.18759247
      0.98224695       0.00000000      -0.18759247
      0.00085847      -0.99628912       0.08606541
     -0.00085847       0.99628912      -0.08606541
      0.07324748      -0.97643193       0.20301599
     -0.07324748       0.97643193      -0.20301599
     -0.06871153      -0.97187147       0.22526557
      0.06871153       0.97187147      -0.22526557
      0.00178264      -0.98508377       0.17206626
     -0.00178264       0.98508377      -0.17206626
      0.14453938      -0.93712859       0.31764504
     -0.14453938       0.93712859      -0.31764504
      0.21126893      -0.88003583       0.42532619
     -0.21126893       0.88003583      -0.42532619
      0.07575583      -0.88715441       0.45521215
     -0.07575583       0.88715441      -0.45521215
      0.14434926      -0.90470933       0.40082953
     -0.14434926       0.90470933      -0.40082953
     -0.13631930      -0.92275155       0.36048111
      0.13631930       0.92275155      -0.36048111
     -0.06302028      -0.87742761       0.47555151
      0.06302028       0.87742761      -0.47555151
     -0.19906470      -0.85103643       0.48591176
      0.19906470       0.85103643      -0.48591176
     -0.13329860      -0.88694150       0.44222875
      0.13329860       0.88694150      -0.44222875
     -0.06748453      -0.94811562       0.31068089
      0.06748453       0.94811562      -0.31068089
      0.07453462      -0.95445350       0.28889983
     -0.07453462       0.95445350      -0.28889983
      0.00572467      -0.90446014       0.42651973
     -0.00572467       0.90446014      -0.42651973
      0.00429646      -0.93920358       0.34333390
     -0.00429646       0.93920358      -0.34333390
     -0.58629857      -0.80551023       0.08606541
      0.58629857       0.80551023      -0.08606541
     -0.51566292      -0.82664816       0.22526557
      0.51566292       0.82664816      -0.22526557
     -0.63319075      -0.74689623       0.20301599
      0.63319075       0.74689623      -0.20301599
     -0.58045990      -0.79590170       0.17206626
      0.58045990       0.79590170      -0.17206626
     -0.43209512      -0.82664816       0.36048111
      0.43209512       0.82664816      -0.36048111
     -0.33917993      -0.80551023       0.48591176
      0.33917993       0.80551023      -0.48591176
     -0.46475453      -0.74689623       0.47555151
      0.46475453       0.74689623      -0.47555151
     -0.41349030      -0.79590170       0.44222875
      0.41349030       0.79590170      -0.44222875
     -0.66776518      -0.67319484       0.31764504
      0.66776518       0.67319484      -0.31764504
     -0.58274403      -0.67319484       0.45521215
      0.58274403       0.67319484      -0.45521215
     -0.68819224      -0.58778318       0.42532619
      0.68819224       0.58778318      -0.42532619
     -0.64855581      -0.64707886       0.40082953
      0.64855581       0.64707886      -0.40082953
     -0.62131346      -0.72835875       0.28889983
      0.62131346       0.72835875      -0.28889983
     -0.50269224      -0.80670806       0.31068089
      0.50269224       0.80670806      -0.31068089
     -0.53625969      -0.72835875       0.42651973
      0.53625969       0.72835875      -0.42651973
     -0.55552593      -0.75730626       0.34333390
      0.55552593       0.75730626      -0.34333390
     -0.52413516      -0.85034609       0.04683872
      0.52413516       0.85034609      -0.04683872
     -0.38370119      -0.92226634       0.04688492
      0.38370119       0.92226634      -0.04688492
     -0.45338260      -0.87163983       0.18624775
      0.45338260       0.87163983      -0.18624775
     -0.45567602      -0.88519732       0.09372874
      0.45567602       0.88519732      -0.09372874
     -0.23167377      -0.97166304       0.04688492
      0.23167377       0.97166304      -0.04688492
     -0.07578664      -0.99602335       0.04683872
      0.07578664       0.99602335      -0.04683872
     -0.14554280      -0.97166304       0.18624775
      0.14554280       0.97166304      -0.18624775
     -0.15165628      -0.98397932       0.09372874
      0.15165628       0.98397932      -0.09372874
     -0.36934392      -0.87163983       0.32222520
      0.36934392       0.87163983      -0.32222520
     -0.21353153      -0.92226634       0.32222520
      0.21353153       0.92226634      -0.32222520
     -0.27629419      -0.85034609       0.44785383
      0.27629419       0.85034609      -0.44785383
     -0.28761804      -0.88519732       0.36565226
      0.28761804       0.88519732      -0.36565226
     -0.37737476      -0.89620972       0.23323043
      0.37737476       0.89620972      -0.23323043
     -0.30765483      -0.94686421       0.09379057
      0.30765483       0.94686421      -0.09379057
     -0.22147626      -0.94686421       0.23323043
      0.22147626       0.94686421      -0.23323043
     -0.30353100      -0.93417236       0.18759247
      0.30353100       0.93417236      -0.18759247
      0.94779254      -0.30705381       0.08606541
     -0.94779254       0.30705381      -0.08606541
      0.95127667      -0.23207156       0.20301599
     -0.95127667       0.23207156      -0.20301599
      0.90307166      -0.36567335       0.22526557
     -0.90307166       0.36567335      -0.22526557
      0.93742120      -0.30271223       0.17206626
     -0.93742120       0.30271223      -0.17206626
      0.93592738      -0.15212354       0.31764504
     -0.93592738       0.15212354      -0.31764504
      0.90224950      -0.07101734       0.42532619
     -0.90224950       0.07101734      -0.42532619
      0.86714382      -0.20209772       0.45521215
     -0.86714382       0.20209772      -0.45521215
      0.90503608      -0.14228626       0.40082953
     -0.90503608       0.14228626      -0.40082953
      0.83546389      -0.41479327       0.36048111
     -0.83546389       0.41479327      -0.36048111
      0.81500890      -0.33107589       0.47555151
     -0.81500890       0.33107589      -0.47555151
      0.74786936      -0.45230650       0.48591176
     -0.74786936       0.45230650      -0.48591176
      0.80233996      -0.40085450       0.44222875
     -0.80233996       0.40085450      -0.44222875
      0.88085767      -0.35716544       0.31068089
     -0.88085767       0.35716544      -0.31068089
      0.93077168      -0.22405572       0.28889983
     -0.93077168       0.22405572      -0.28889983
      0.86196173      -0.27404907       0.42651973
     -0.86196173       0.27404907      -0.42651973
      0.89456337      -0.28614369       0.34333390
     -0.89456337       0.28614369      -0.34333390
      0.58490953      -0.80651943       0.08606541
     -0.58490953       0.80651943      -0.08606541
      0.62684051      -0.74587291       0.22526557
     -0.62684051       0.74587291      -0.22526557
      0.51467383      -0.83300382       0.20301599
     -0.51467383       0.83300382      -0.20301599
      0.57757552      -0.79799732       0.17206626
     -0.57757552       0.79799732      -0.17206626
      0.65266438      -0.66639521       0.36048111
     -0.65266438       0.66639521      -0.36048111
      0.66127339      -0.57149564       0.48591176
     -0.66127339       0.57149564      -0.48591176
      0.56672348      -0.67281145       0.47555151
     -0.56672348       0.67281145      -0.47555151
      0.62917197      -0.63919979       0.44222875
     -0.62917197       0.63919979      -0.44222875
      0.43389555      -0.84311107       0.31764504
     -0.43389555       0.84311107      -0.31764504
      0.46016853      -0.76225115       0.45521215
     -0.46016853       0.76225115      -0.45521215
      0.34635193      -0.83614471       0.42532619
     -0.34635193       0.83614471      -0.42532619
      0.41499380      -0.81677159       0.40082953
     -0.41499380       0.81677159      -0.40082953
      0.50071392      -0.81597945       0.28889983
     -0.50071392       0.81597945      -0.28889983
      0.61188451      -0.72737523       0.31068089
     -0.61188451       0.72737523      -0.31068089
      0.52699698      -0.73508850       0.42651973
     -0.52699698       0.73508850      -0.42651973
      0.54857411      -0.76235706       0.34333390
     -0.54857411       0.76235706      -0.34333390
      0.64676052      -0.76125355       0.04683872
     -0.64676052       0.76125355      -0.04683872
      0.75855723      -0.64991749       0.04688492
     -0.75855723       0.64991749      -0.04688492
      0.68887581      -0.70054400       0.18624775
     -0.68887581       0.70054400      -0.18624775
      0.70106104      -0.70691466       0.09372874
     -0.70106104       0.70691466      -0.09372874
      0.85251534      -0.52059524       0.04688492
     -0.85251534       0.52059524      -0.04688492
      0.92385514      -0.37986552       0.04683872
     -0.92385514       0.37986552      -0.04683872
      0.87913127      -0.43867983       0.18624775
     -0.87913127       0.43867983      -0.18624775
      0.88895557      -0.44830003       0.09372874
     -0.88895557       0.44830003      -0.09372874
      0.71484519      -0.62061846       0.32222520
     -0.71484519       0.62061846      -0.32222520
      0.81114254      -0.48807653       0.32222520
     -0.81114254       0.48807653      -0.32222520
      0.72334759      -0.52554278       0.44785383
     -0.72334759       0.52554278      -0.44785383
      0.75299381      -0.54708203       0.36565226
     -0.75299381       0.54708203      -0.36565226
      0.73573088      -0.63584876       0.23323043
     -0.73573088       0.63584876      -0.23323043
      0.80545081      -0.58519426       0.09379057
     -0.80545081       0.58519426      -0.09379057
      0.83208145      -0.50323357       0.23323043
     -0.83208145       0.50323357      -0.23323043
      0.79465447      -0.57735027       0.18759247
     -0.79465447       0.57735027      -0.18759247
      0.86491348       0.04389113       0.49999824
     -0.86491348      -0.04389113      -0.49999824
      0.82967832       0.17487744       0.53014316
     -0.82967832      -0.17487744      -0.53014316
      0.78716774       0.04404334       0.61516431
     -0.78716774      -0.04404334      -0.61516431
      0.83023177       0.08793774       0.55043816
     -0.83023177      -0.08793774      -0.55043816
      0.77721977       0.30362048       0.55112978
     -0.77721977      -0.30362048      -0.55112978
      0.71000094       0.42479348       0.56164861
     -0.71000094      -0.42479348      -0.56164861
      0.68500193       0.30547626       0.66140503
     -0.68500193      -0.30547626      -0.66140503
      0.72667952       0.34588397       0.59354962
     -0.72667952      -0.34588397      -0.59354962
      0.69300166       0.04442379       0.71956600
     -0.69300166      -0.04442379      -0.71956600
      0.64321803       0.17687864       0.74497282
     -0.64321803      -0.17687864      -0.74497282
      0.58644162       0.04451700       0.80876725
     -0.58644162      -0.04451700      -0.80876725
      0.64319472       0.08894418       0.76051922
     -0.64319472      -0.08894418      -0.76051922
      0.74416867       0.08848069       0.66210585
     -0.74416867      -0.08848069      -0.66210585
      0.78669556       0.21936499       0.57705207
     -0.78669556      -0.21936499      -0.57705207
      0.69308468       0.22074038       0.68622686
     -0.69308468      -0.22074038      -0.68622686
      0.74412873       0.17684653       0.64420319
     -0.74412873      -0.17684653      -0.64420319
      0.62340497       0.54398262       0.56164861
     -0.62340497      -0.54398262      -0.56164861
      0.52893435       0.64535604       0.55112978
     -0.52893435      -0.64535604      -0.55112978
      0.50220243       0.55707820       0.66140503
     -0.50220243      -0.55707820      -0.66140503
      0.55351153       0.58422927       0.59354962
     -0.55351153      -0.58422927      -0.59354962
      0.42270303       0.73503087       0.53014316
     -0.42270303      -0.73503087      -0.53014316
      0.30901591       0.80901850       0.49999824
     -0.30901591      -0.80901850      -0.49999824
      0.28513592       0.73503087       0.61516431
     -0.28513592      -0.73503087      -0.61516431
      0.34018949       0.76242308       0.55043816
     -0.34018949      -0.76242308      -0.55043816
      0.36698689       0.55707820       0.74497282
     -0.36698689      -0.55707820      -0.74497282
      0.25639882       0.64535604       0.71956600
     -0.25639882      -0.64535604      -0.71956600
      0.22355861       0.54398262       0.80876725
     -0.22355861      -0.54398262      -0.80876725
      0.28334904       0.58422927       0.76051922
     -0.28334904      -0.58422927      -0.76051922
      0.42411152       0.59095017       0.68622686
     -0.42411152      -0.59095017      -0.68622686
      0.45173080       0.68040443       0.57705207
     -0.45173080      -0.68040443      -0.57705207
      0.31411091       0.68040443       0.66210585
     -0.31411091      -0.68040443      -0.66210585
      0.39813946       0.65305989       0.64420319
     -0.39813946      -0.65305989      -0.64420319
      0.46111875       0.04451700       0.88622104
     -0.46111875      -0.04451700      -0.88622104
      0.37866810       0.17687864       0.90847367
     -0.37866810      -0.17687864      -0.90847367
      0.33367963       0.04442379       0.94163923
     -0.33367963      -0.04442379      -0.94163923
      0.39258365       0.08894418       0.91540538
     -0.39258365      -0.08894418      -0.91540538
      0.28523646       0.30547626       0.90847367
     -0.28523646      -0.30547626      -0.90847367
      0.18483171       0.42479348       0.88622104
     -0.18483171      -0.42479348      -0.88622104
      0.14536221       0.30362048       0.94163923
     -0.14536221      -0.30362048      -0.94163923
      0.20590596       0.34588397       0.91540538
     -0.20590596      -0.34588397      -0.91540538
      0.19818757       0.04404334       0.97917408
     -0.19818757      -0.04404334      -0.97917408
      0.10313103       0.17487744       0.97917408
     -0.10313103      -0.17487744      -0.97917408
      0.06041095       0.04389113       0.99720815
     -0.06041095      -0.04389113      -0.99720815
      0.12103592       0.08793774       0.98874530
     -0.12103592      -0.08793774      -0.98874530
      0.25940312       0.08848069       0.96170743
     -0.25940312      -0.08848069      -0.96170743
      0.30382307       0.22074038       0.92680377
     -0.30382307      -0.22074038      -0.92680377
      0.16431011       0.21936499       0.96170743
     -0.16431011      -0.21936499      -0.96170743
      0.24340836       0.17684653       0.95366539
     -0.24340836      -0.17684653      -0.95366539
      0.52364047       0.08909254       0.84726807
     -0.52364047      -0.08909254      -0.84726807
      0.58051491       0.22172234       0.78348047
     -0.58051491      -0.22172234      -0.78348047
      0.44115208       0.22172234       0.86961144
     -0.44115208      -0.22172234      -0.86961144
      0.51730854       0.17828265       0.83702280
     -0.51730854      -0.17828265      -0.83702280
      0.62253425       0.35104458       0.69944178
     -0.62253425      -0.35104458      -0.69944178
      0.64756095       0.47048057       0.59942710
     -0.64756095      -0.47048057      -0.59942710
      0.52623690       0.48358652       0.69944178
     -0.52623690      -0.48358652      -0.69944178
      0.60133753       0.43689729       0.66896482
     -0.60133753      -0.43689729      -0.66896482
      0.34719396       0.35104458       0.86961144
     -0.34719396      -0.35104458      -0.86961144
      0.39025945       0.48358652       0.78348047
     -0.39025945      -0.48358652      -0.78348047
      0.24654584       0.47048057       0.84726807
     -0.24654584      -0.47048057      -0.84726807
      0.32941401       0.43689729       0.83702280
     -0.32941401      -0.43689729      -0.83702280
      0.42807604       0.31101545       0.84854009
     -0.42807604      -0.31101545      -0.84854009
      0.56751590       0.31101545       0.76236152
     -0.56751590      -0.31101545      -0.76236152
      0.47116533       0.44363064       0.76236152
     -0.47116533      -0.44363064      -0.76236152
      0.49112347       0.35682209       0.79465447
     -0.49112347      -0.35682209      -0.79465447
      0.22553002       0.83614471       0.49999824
     -0.22553002      -0.83614471      -0.49999824
      0.09006637       0.84311107       0.53014316
     -0.09006637      -0.84311107      -0.53014316
      0.20136050       0.76225115       0.61516431
     -0.20136050      -0.76225115      -0.61516431
      0.17292196       0.81677159       0.55043816
     -0.17292196      -0.81677159      -0.55043816
     -0.04858611       0.83300382       0.55112978
      0.04858611      -0.83300382      -0.55112978
     -0.18460025       0.80651943       0.56164861
      0.18460025      -0.80651943      -0.56164861
     -0.07884795       0.74587291       0.66140503
      0.07884795      -0.74587291      -0.66140503
     -0.10439889       0.79799732       0.59354962
      0.10439889      -0.79799732      -0.59354962
      0.17189976       0.67281145       0.71956600
     -0.17189976      -0.67281145      -0.71956600
      0.03054372       0.66639521       0.74497282
     -0.03054372      -0.66639521      -0.74497282
      0.13888224       0.57149564       0.80876725
     -0.13888224      -0.57149564      -0.80876725
      0.11416716       0.63919979       0.76051922
     -0.11416716      -0.63919979      -0.76051922
      0.14581063       0.73508850       0.66210585
     -0.14581063      -0.73508850      -0.66210585
      0.03447379       0.81597945       0.57705207
     -0.03447379      -0.81597945      -0.57705207
      0.00423837       0.72737523       0.68622686
     -0.00423837      -0.72737523      -0.68622686
      0.06175738       0.76235706       0.64420319
     -0.06175738      -0.76235706      -0.64420319
     -0.32471548       0.76099323       0.56164861
      0.32471548      -0.76099323      -0.56164861
     -0.45032037       0.70247245       0.55112978
      0.45032037      -0.70247245      -0.55112978
     -0.37462376       0.64976952       0.66140503
      0.37462376      -0.64976952      -0.66140503
     -0.38459058       0.70695752       0.59354962
      0.38459058      -0.70695752      -0.59354962
     -0.56843348       0.62915150       0.53014316
      0.56843348      -0.62915150      -0.53014316
     -0.67393115       0.54389206       0.49999824
      0.67393115      -0.54389206      -0.49999824
     -0.61094406       0.49831740       0.61516431
      0.61094406      -0.49831740      -0.61516431
     -0.61998310       0.55914112       0.55043816
      0.61998310      -0.55914112      -0.55043816
     -0.41640766       0.52117190       0.74497282
      0.41640766      -0.52117190      -0.74497282
     -0.53453848       0.44327576       0.71956600
      0.53453848      -0.44327576      -0.71956600
     -0.44827480       0.38071675       0.80876725
      0.44827480      -0.38071675      -0.80876725
     -0.46807538       0.45001772       0.76051922
      0.46807538      -0.45001772      -0.76051922
     -0.43096935       0.58596768       0.68622686
      0.43096935      -0.58596768      -0.68622686
     -0.50751057       0.63987806       0.57705207
      0.50751057      -0.63987806      -0.57705207
     -0.55003746       0.50899376       0.66210585
      0.55003746      -0.50899376      -0.66210585
     -0.49806501       0.58045974       0.64420319
      0.49806501      -0.58045974      -0.64420319
      0.10015535       0.45230650       0.88622104
     -0.10015535      -0.45230650      -0.88622104
     -0.05120670       0.41479327       0.90847367
      0.05120670      -0.41479327      -0.90847367
      0.06086314       0.33107589       0.94163923
     -0.06086314      -0.33107589      -0.94163923
      0.03672408       0.40085450       0.91540538
     -0.03672408      -0.40085450      -0.91540538
     -0.20238227       0.36567335       0.90847367
      0.20238227      -0.36567335      -0.90847367
     -0.34688647       0.30705381       0.88622104
      0.34688647      -0.30705381      -0.88622104
     -0.24384084       0.23207156       0.94163923
      0.24384084      -0.23207156      -0.94163923
     -0.26532677       0.30271223       0.91540538
      0.26532677      -0.30271223      -0.91540538
      0.01935562       0.20209772       0.97917408
     -0.01935562      -0.20209772      -0.97917408
     -0.13444908       0.15212354       0.97917408
      0.13444908      -0.15212354      -0.97917408
     -0.02307493       0.07101734       0.99720815
      0.02307493      -0.07101734      -0.99720815
     -0.04623161       0.14228626       0.98874530
      0.04623161      -0.14228626      -0.98874530
     -0.00399017       0.27404907       0.96170743
      0.00399017      -0.27404907      -0.96170743
     -0.11605009       0.35716544       0.92680377
      0.11605009      -0.35716544      -0.92680377
     -0.15785389       0.22405572       0.96170743
      0.15785389      -0.22405572      -0.96170743
     -0.09297372       0.28614369       0.95366539
      0.09297372      -0.28614369      -0.95366539
      0.07708177       0.52554278       0.84726807
     -0.07708177      -0.52554278      -0.84726807
     -0.03148150       0.62061846       0.78348047
      0.03148150      -0.62061846      -0.78348047
     -0.07454699       0.48807653       0.86961144
      0.07454699      -0.48807653      -0.86961144
     -0.00969975       0.54708203       0.83702280
      0.00969975      -0.54708203      -0.83702280
     -0.14148958       0.70054400       0.69944178
      0.14148958      -0.70054400      -0.69944178
     -0.24734627       0.76125355       0.59942710
      0.24734627      -0.76125355      -0.59942710
     -0.29730196       0.64991749       0.69944178
      0.29730196      -0.64991749      -0.69944178
     -0.22969050       0.70691466       0.66896482
      0.22969050      -0.70691466      -0.66896482
     -0.22657440       0.43867983       0.86961144
      0.22657440      -0.43867983      -0.86961144
     -0.33932130       0.52059524       0.78348047
      0.33932130      -0.52059524      -0.78348047
     -0.37126676       0.37986552       0.84726807
      0.37126676      -0.37986552      -0.84726807
     -0.31371949       0.44830003       0.83702280
      0.31371949      -0.44830003      -0.83702280
     -0.16351050       0.50323357       0.84854009
      0.16351050      -0.50323357      -0.84854009
     -0.12042121       0.63584876       0.76236152
      0.12042121      -0.63584876      -0.76236152
     -0.27631972       0.58519426       0.76236152
      0.27631972      -0.58519426      -0.76236152
     -0.18759247       0.57735027       0.79465447
      0.18759247      -0.57735027      -0.79465447
     -0.72552826       0.47287472       0.49999824
      0.72552826      -0.47287472      -0.49999824
     -0.77401424       0.34619386       0.53014316
      0.77401424      -0.34619386      -0.53014316
     -0.66272011       0.42705378       0.61516431
      0.66272011      -0.42705378      -0.61516431
     -0.72336012       0.41685486       0.55043816
      0.72336012      -0.41685486      -0.55043816
     -0.80724764       0.21120419       0.55112978
      0.80724764      -0.21120419      -0.55112978
     -0.82409017       0.07366293       0.56164861
      0.82409017      -0.07366293      -0.56164861
     -0.73373264       0.15549855       0.66140503
      0.73373264      -0.15549855      -0.66140503
     -0.79120158       0.14730549       0.59354962
      0.79120158      -0.14730549      -0.59354962
     -0.58676177       0.37139656       0.71956600
      0.58676177      -0.37139656      -0.71956600
     -0.62434098       0.23497625       0.74497282
      0.62434098      -0.23497625      -0.74497282
     -0.50060767       0.30868673       0.80876725
      0.50060767      -0.30868673      -0.80876725
     -0.57263554       0.30610302       0.76051922
      0.57263554      -0.30610302      -0.76051922
     -0.65405275       0.36582899       0.66210585
      0.65405275      -0.36582899      -0.66210585
     -0.76538959       0.28493804       0.57705207
      0.76538959      -0.28493804      -0.57705207
     -0.69046523       0.22880223       0.68622686
      0.69046523      -0.22880223      -0.68622686
     -0.70596057       0.29431605       0.64420319
      0.70596057      -0.29431605      -0.64420319
     -0.82409017      -0.07366293       0.56164861
      0.82409017       0.07366293      -0.56164861
     -0.80724764      -0.21120419       0.55112978
      0.80724764       0.21120419      -0.55112978
     -0.73373264      -0.15549855       0.66140503
      0.73373264       0.15549855      -0.66140503
     -0.79120158      -0.14730549       0.59354962
      0.79120158       0.14730549      -0.59354962
     -0.77401424      -0.34619386       0.53014316
      0.77401424       0.34619386      -0.53014316
     -0.72552826      -0.47287472       0.49999824
      0.72552826       0.47287472      -0.49999824
     -0.66272011      -0.42705378       0.61516431
      0.66272011       0.42705378      -0.61516431
     -0.72336012      -0.41685486       0.55043816
      0.72336012       0.41685486      -0.55043816
     -0.62434098      -0.23497625       0.74497282
      0.62434098       0.23497625      -0.74497282
     -0.58676177      -0.37139656       0.71956600
      0.58676177       0.37139656      -0.71956600
     -0.50060767      -0.30868673       0.80876725
      0.50060767       0.30868673      -0.80876725
     -0.57263554      -0.30610302       0.76051922
      0.57263554       0.30610302      -0.76051922
     -0.69046523      -0.22880223       0.68622686
      0.69046523       0.22880223      -0.68622686
     -0.76538959      -0.28493804       0.57705207
      0.76538959       0.28493804      -0.57705207
     -0.65405275      -0.36582899       0.66210585
      0.65405275       0.36582899      -0.66210585
     -0.70596057      -0.29431605       0.64420319
      0.70596057       0.29431605      -0.64420319
     -0.39921934       0.23502379       0.88622104
      0.39921934      -0.23502379      -0.88622104
     -0.41031559       0.07947770       0.90847367
      0.41031559      -0.07947770      -0.90847367
     -0.29606414       0.16019236       0.94163923
      0.29606414      -0.16019236      -0.94163923
     -0.36988692       0.15879753       0.91540538
      0.36988692      -0.15879753      -0.91540538
     -0.41031559      -0.07947770       0.90847367
      0.41031559       0.07947770      -0.90847367
     -0.39921934      -0.23502379       0.88622104
      0.39921934       0.23502379      -0.88622104
     -0.29606414      -0.16019236       0.94163923
      0.29606414       0.16019236      -0.94163923
     -0.36988692      -0.15879753       0.91540538
      0.36988692       0.15879753      -0.91540538
     -0.18622514       0.08085992       0.97917408
      0.18622514      -0.08085992      -0.97917408
     -0.18622514      -0.08085992       0.97917408
      0.18622514       0.08085992      -0.97917408
     -0.07467205      -0.00000000       0.99720815
      0.07467205       0.00000000      -0.99720815
     -0.14960863      -0.00000000       0.98874530
      0.14960863       0.00000000      -0.98874530
     -0.26186918       0.08089095       0.96170743
      0.26186918      -0.08089095      -0.96170743
     -0.37554597      -0.00000000       0.92680377
      0.37554597       0.00000000      -0.92680377
     -0.26186918      -0.08089095       0.96170743
      0.26186918       0.08089095      -0.96170743
     -0.30086928      -0.00000000       0.95366539
      0.30086928       0.00000000      -0.95366539
     -0.47600131       0.23571077       0.84726807
      0.47600131      -0.23571077      -0.84726807
     -0.59997155       0.16184096       0.78348047
      0.59997155      -0.16184096      -0.78348047
     -0.48722465       0.07992554       0.86961144
      0.48722465      -0.07992554      -0.86961144
     -0.52330332       0.15983263       0.83702280
      0.52330332      -0.15983263      -0.83702280
     -0.70997962       0.08191542       0.69944178
      0.70997962      -0.08191542      -0.69944178
     -0.80042935      -0.00000000       0.59942710
      0.80042935       0.00000000      -0.59942710
     -0.70997962      -0.08191542       0.69944178
      0.70997962       0.08191542      -0.69944178
     -0.74329406      -0.00000000       0.66896482
      0.74329406       0.00000000      -0.66896482
     -0.48722465      -0.07992554       0.86961144
      0.48722465       0.07992554      -0.86961144
     -0.59997155      -0.16184096       0.78348047
      0.59997155       0.16184096      -0.78348047
     -0.47600131      -0.23571077       0.84726807
      0.47600131       0.23571077      -0.84726807
     -0.52330332      -0.15983263       0.83702280
      0.52330332       0.15983263      -0.83702280
     -0.52913109      -0.00000000       0.84854009
      0.52913109       0.00000000      -0.84854009
     -0.64194031       0.08196069       0.76236152
      0.64194031      -0.08196069      -0.76236152
     -0.64194031      -0.08196069       0.76236152
      0.64194031       0.08196069      -0.76236152
     -0.60706200      -0.00000000       0.79465447
      0.60706200       0.00000000      -0.79465447
     -0.67393115      -0.54389206       0.49999824
      0.67393115       0.54389206      -0.49999824
     -0.56843348      -0.62915150       0.53014316
      0.56843348       0.62915150      -0.53014316
     -0.61094406      -0.49831740       0.61516431
      0.61094406       0.49831740      -0.61516431
     -0.61998310      -0.55914112       0.55043816
      0.61998310       0.55914112      -0.55043816
     -0.45032037      -0.70247245       0.55112978
      0.45032037       0.70247245      -0.55112978
     -0.32471548      -0.76099323       0.56164861
      0.32471548       0.76099323      -0.56164861
     -0.37462376      -0.64976952       0.66140503
      0.37462376       0.64976952      -0.66140503
     -0.38459058      -0.70695752       0.59354962
      0.38459058       0.70695752      -0.59354962
     -0.53453848      -0.44327576       0.71956600
      0.53453848       0.44327576      -0.71956600
     -0.41640766      -0.52117190       0.74497282
      0.41640766       0.52117190      -0.74497282
     -0.44827480      -0.38071675       0.80876725
      0.44827480       0.38071675      -0.80876725
     -0.46807538      -0.45001772       0.76051922
      0.46807538       0.45001772      -0.76051922
     -0.55003746      -0.50899376       0.66210585
      0.55003746       0.50899376      -0.66210585
     -0.50751057      -0.63987806       0.57705207
      0.50751057       0.63987806      -0.57705207
     -0.43096935      -0.58596768       0.68622686
      0.43096935       0.58596768      -0.68622686
     -0.49806501      -0.58045974       0.64420319
      0.49806501       0.58045974      -0.64420319
     -0.18460025      -0.80651943       0.56164861
      0.18460025       0.80651943      -0.56164861
     -0.04858611      -0.83300382       0.55112978
      0.04858611       0.83300382      -0.55112978
     -0.07884795      -0.74587291       0.66140503
      0.07884795       0.74587291      -0.66140503
     -0.10439889      -0.79799732       0.59354962
      0.10439889       0.79799732      -0.59354962
      0.09006637      -0.84311107       0.53014316
     -0.09006637       0.84311107      -0.53014316
      0.22553002      -0.83614471       0.49999824
     -0.22553002       0.83614471      -0.49999824
      0.20136050      -0.76225115       0.61516431
     -0.20136050       0.76225115      -0.61516431
      0.17292196      -0.81677159       0.55043816
     -0.17292196       0.81677159      -0.55043816
      0.03054372      -0.66639521       0.74497282
     -0.03054372       0.66639521      -0.74497282
      0.17189976      -0.67281145       0.71956600
     -0.17189976       0.67281145      -0.71956600
      0.13888224      -0.57149564       0.80876725
     -0.13888224       0.57149564      -0.80876725
      0.11416716      -0.63919979       0.76051922
     -0.11416716       0.63919979      -0.76051922
      0.00423837      -0.72737523       0.68622686
     -0.00423837       0.72737523      -0.68622686
      0.03447379      -0.81597945       0.57705207
     -0.03447379       0.81597945      -0.57705207
      0.14581063      -0.73508850       0.66210585
     -0.14581063       0.73508850      -0.66210585
      0.06175738      -0.76235706       0.64420319
     -0.06175738       0.76235706      -0.64420319
     -0.34688647      -0.30705381       0.88622104
      0.34688647       0.30705381      -0.88622104
     -0.20238227      -0.36567335       0.90847367
      0.20238227       0.36567335      -0.90847367
     -0.24384084      -0.23207156       0.94163923
      0.24384084       0.23207156      -0.94163923
     -0.26532677      -0.30271223       0.91540538
      0.26532677       0.30271223      -0.91540538
     -0.05120670      -0.41479327       0.90847367
      0.05120670       0.41479327      -0.90847367
      0.10015535      -0.45230650       0.88622104
     -0.10015535       0.45230650      -0.88622104
      0.06086314      -0.33107589       0.94163923
     -0.06086314       0.33107589      -0.94163923
      0.03672408      -0.40085450       0.91540538
     -0.03672408       0.40085450      -0.91540538
     -0.13444908      -0.15212354       0.97917408
      0.13444908       0.15212354      -0.97917408
      0.01935562      -0.20209772       0.97917408
     -0.01935562       0.20209772      -0.97917408
     -0.02307493      -0.07101734       0.99720815
      0.02307493       0.07101734      -0.99720815
     -0.04623161      -0.14228626       0.98874530
      0.04623161       0.14228626      -0.98874530
     -0.15785389      -0.22405572       0.96170743
      0.15785389       0.22405572      -0.96170743
     -0.11605009      -0.35716544       0.92680377
      0.11605009       0.35716544      -0.92680377
     -0.00399017      -0.27404907       0.96170743
      0.00399017       0.27404907      -0.96170743
     -0.09297372      -0.28614369       0.95366539
      0.09297372       0.28614369      -0.95366539
     -0.37126676      -0.37986552       0.84726807
      0.37126676       0.37986552      -0.84726807
     -0.33932130      -0.52059524       0.78348047
      0.33932130       0.52059524      -0.78348047
     -0.22657440      -0.43867983       0.86961144
      0.22657440       0.43867983      -0.86961144
     -0.31371949      -0.44830003       0.83702280
      0.31371949       0.44830003      -0.83702280
     -0.29730196      -0.64991749       0.69944178
      0.29730196       0.64991749      -0.69944178
     -0.24734627      -0.76125355       0.59942710
      0.24734627       0.76125355      -0.59942710
     -0.14148958      -0.70054400       0.69944178
      0.14148958       0.70054400      -0.69944178
     -0.22969050      -0.70691466       0.66896482
      0.22969050       0.70691466      -0.66896482
     -0.07454699      -0.48807653       0.86961144
      0.07454699       0.48807653      -0.86961144
     -0.03148150      -0.62061846       0.78348047
      0.03148150       0.62061846      -0.78348047
      0.07708177      -0.52554278       0.84726807
     -0.07708177       0.52554278      -0.84726807
     -0.00969975      -0.54708203       0.83702280
      0.00969975       0.54708203      -0.83702280
     -0.16351050      -0.50323357       0.84854009
      0.16351050       0.50323357      -0.84854009
     -0.27631972      -0.58519426       0.76236152
      0.27631972       0.58519426      -0.76236152
     -0.12042121      -0.63584876       0.76236152
      0.12042121       0.63584876      -0.76236152
     -0.18759247      -0.57735027       0.79465447
      0.18759247       0.57735027      -0.79465447
      0.30901591      -0.80901850       0.49999824
     -0.30901591       0.80901850      -0.49999824
      0.42270303      -0.73503087       0.53014316
     -0.42270303       0.73503087      -0.53014316
      0.28513592      -0.73503087       0.61516431
     -0.28513592       0.73503087      -0.61516431
      0.34018949      -0.76242308       0.55043816
     -0.34018949       0.76242308      -0.55043816
      0.52893435      -0.64535604       0.55112978
     -0.52893435       0.64535604      -0.55112978
      0.62340497      -0.54398262       0.56164861
     -0.62340497       0.54398262      -0.56164861
      0.50220243      -0.55707820       0.66140503
     -0.50220243       0.55707820      -0.66140503
      0.55351153      -0.58422927       0.59354962
     -0.55351153       0.58422927      -0.59354962
      0.25639882      -0.64535604       0.71956600
     -0.25639882       0.64535604      -0.71956600
      0.36698689      -0.55707820       0.74497282
     -0.36698689       0.55707820      -0.74497282
      0.22355861      -0.54398262       0.80876725
     -0.22355861       0.54398262      -0.80876725
      0.28334904      -0.58422927       0.76051922
     -0.28334904       0.58422927      -0.76051922
      0.31411091      -0.68040443       0.66210585
     -0.31411091       0.68040443      -0.66210585
      0.45173080      -0.68040443       0.57705207
     -0.45173080       0.68040443      -0.57705207
      0.42411152      -0.59095017       0.68622686
     -0.42411152       0.59095017      -0.68622686
      0.39813946      -0.65305989       0.64420319
     -0.39813946       0.65305989      -0.64420319
      0.71000094      -0.42479348       0.56164861
     -0.71000094       0.42479348      -0.56164861
      0.77721977      -0.30362048       0.55112978
     -0.77721977       0.30362048      -0.55112978
      0.68500193      -0.30547626       0.66140503
     -0.68500193       0.30547626      -0.66140503
      0.72667952      -0.34588397       0.59354962
     -0.72667952       0.34588397      -0.59354962
      0.82967832      -0.17487744       0.53014316
     -0.82967832       0.17487744      -0.53014316
      0.86491348      -0.04389113       0.49999824
     -0.86491348       0.04389113      -0.49999824
      0.78716774      -0.04404334       0.61516431
     -0.78716774       0.04404334      -0.61516431
      0.83023177      -0.08793774       0.55043816
     -0.83023177       0.08793774      -0.55043816
      0.64321803      -0.17687864       0.74497282
     -0.64321803       0.17687864      -0.74497282
      0.69300166      -0.04442379       0.71956600
     -0.69300166       0.04442379      -0.71956600
      0.58644162      -0.04451700       0.80876725
     -0.58644162       0.04451700      -0.80876725
      0.64319472      -0.08894418       0.76051922
     -0.64319472       0.08894418      -0.76051922
      0.69308468      -0.22074038       0.68622686
     -0.69308468       0.22074038      -0.68622686
      0.78669556      -0.21936499       0.57705207
     -0.78669556       0.21936499      -0.57705207
      0.74416867      -0.08848069       0.66210585
     -0.74416867       0.08848069      -0.66210585
      0.74412873      -0.17684653       0.64420319
     -0.74412873       0.17684653      -0.64420319
      0.18483171      -0.42479348       0.88622104
     -0.18483171       0.42479348      -0.88622104
      0.28523646      -0.30547626       0.90847367
     -0.28523646       0.30547626      -0.90847367
      0.14536221      -0.30362048       0.94163923
     -0.14536221       0.30362048      -0.94163923
      0.20590596      -0.34588397       0.91540538
     -0.20590596       0.34588397      -0.91540538
      0.37866810      -0.17687864       0.90847367
     -0.37866810       0.17687864      -0.90847367
      0.46111875      -0.04451700       0.88622104
     -0.46111875       0.04451700      -0.88622104
      0.33367963      -0.04442379       0.94163923
     -0.33367963       0.04442379      -0.94163923
      0.39258365      -0.08894418       0.91540538
     -0.39258365       0.08894418      -0.91540538
      0.10313103      -0.17487744       0.97917408
     -0.10313103       0.17487744      -0.97917408
      0.19818757      -0.04404334       0.97917408
     -0.19818757       0.04404334      -0.97917408
      0.06041095      -0.04389113       0.99720815
     -0.06041095       0.04389113      -0.99720815
      0.12103592      -0.08793774       0.98874530
     -0.12103592       0.08793774      -0.98874530
      0.16431011      -0.21936499       0.96170743
     -0.16431011       0.21936499      -0.96170743
      0.30382307      -0.22074038       0.92680377
     -0.30382307       0.22074038      -0.92680377
      0.25940312      -0.08848069       0.96170743
     -0.25940312       0.08848069      -0.96170743
      0.24340836      -0.17684653       0.95366539
     -0.24340836       0.17684653      -0.95366539
      0.24654584      -0.47048057       0.84726807
     -0.24654584       0.47048057      -0.84726807
      0.39025945      -0.48358652       0.78348047
     -0.39025945       0.48358652      -0.78348047
      0.34719396      -0.35104458       0.86961144
     -0.34719396       0.35104458      -0.86961144
      0.32941401      -0.43689729       0.83702280
     -0.32941401       0.43689729      -0.83702280
      0.52623690      -0.48358652       0.69944178
     -0.52623690       0.48358652      -0.69944178
      0.64756095      -0.47048057       0.59942710
     -0.64756095       0.47048057      -0.59942710
      0.62253425      -0.35104458       0.69944178
     -0.62253425       0.35104458      -0.69944178
      0.60133753      -0.43689729       0.66896482
     -0.60133753       0.43689729      -0.66896482
      0.44115208      -0.22172234       0.86961144
     -0.44115208       0.22172234      -0.86961144
      0.58051491      -0.22172234       0.78348047
     -0.58051491       0.22172234      -0.78348047
      0.52364047      -0.08909254       0.84726807
     -0.52364047       0.08909254      -0.84726807
      0.51730854      -0.17828265       0.83702280
     -0.51730854       0.17828265      -0.83702280
      0.42807604      -0.31101545       0.84854009
     -0.42807604       0.31101545      -0.84854009
      0.47116533      -0.44363064       0.76236152
     -0.47116533       0.44363064      -0.76236152
      0.56751590      -0.31101545       0.76236152
     -0.56751590       0.31101545      -0.76236152
      0.49112347      -0.35682209       0.79465447
     -0.49112347       0.35682209      -0.79465447
