      0.79465447       0.57735027       0.18759247
     -0.79465447      -0.57735027      -0.18759247
     -0.30353100       0.93417236       0.18759247
      0.30353100      -0.93417236      -0.18759247
     -0.98224695      -0.00000000       0.18759247
      0.98224695       0.00000000      -0.18759247
     -0.30353100      -0.93417236       0.18759247
      0.30353100       0.93417236      -0.18759247
      0.79465447      -0.57735027       0.18759247
     -0.79465447       0.57735027      -0.18759247
      0.49112347       0.35682209       0.79465447
     -0.49112347      -0.35682209      -0.79465447
     -0.18759247       0.57735027       0.79465447
      0.18759247      -0.57735027      -0.79465447
     -0.60706200      -0.00000000       0.79465447
      0.60706200       0.00000000      -0.79465447
     -0.18759247      -0.57735027       0.79465447
      0.18759247       0.57735027      -0.79465447
      0.49112347      -0.35682209       0.79465447
     -0.49112347       0.35682209      -0.79465447
